TIME MEM VIRT RES SHR CPU FREE SWAP
0:00.19 1.1 224664 5316 2948 53.3 82.5 820.0
0:01.08 3.2 235032 15556 2948 46.7 61.9 820.0
0:01.91 5.2 244632 25284 2948 46.7 44.1 820.0
0:02.73 6.1 248984 29636 2948 43.8 36.5 820.0
0:03.56 6.9 253080 33732 2948 50.0 27.6 820.0
0:04.39 8.6 261400 42052 2948 46.7 10.9 820.0
0:05.30 10.8 271768 52392 2920 50.0 8.7 817.7
0:06.30 12.3 279064 59688 2920 53.3 7.6 817.0
0:07.12 13.1 283288 63912 2920 43.8 10.9 817.0
0:07.96 14.6 290328 70824 2920 53.3 9.4 816.7
0:08.89 16.8 301208 81832 2920 47.1 10.9 816.5
0:09.77 18.4 308888 89508 2920 50.0 7.7 816.0
0:10.59 19.3 313112 93732 2920 43.8 9.9 816.0
0:11.41 20.3 318104 98728 2920 50.0 10.8 815.7
0:12.55 23.0 331288 111780 2916 44.4 10.6 815.0
0:13.37 24.6 339096 119708 2908 50.0 9.6 813.0
0:14.22 25.3 343320 123232 2792 40.0 9.8 811.7
0:15.19 26.4 349336 128124 2768 50.0 14.2 807.2
0:16.42 28.4 363160 138292 2752 47.4 9.8 790.5
0:17.52 29.0 371480 141144 2752 53.3 9.9 779.5
0:18.42 28.9 376088 140496 2752 43.8 6.8 768.7
0:19.31 30.0 385048 145812 2752 43.8 10.5 754.0
0:20.73 31.0 400024 150836 2492 45.5 10.4 717.5
0:21.89 31.1 405784 151108 2484 46.7 7.8 712.0
0:22.71 31.7 412440 154344 2484 41.2 5.1 700.7
0:23.85 32.4 425496 157608 2484 44.0 5.3 669.7
0:24.91 32.2 432792 156784 2468 47.1 9.0 658.5
0:25.74 32.6 437144 158388 2468 40.0 7.6 652.7
0:26.61 33.1 445592 161168 2468 47.1 8.3 637.0
0:27.64 33.9 457368 164912 2452 44.8 5.4 603.7
0:28.65 33.3 463768 162096 2452 40.0 9.6 599.2
0:29.49 33.7 467992 163700 2452 50.0 8.6 593.0
0:30.37 34.2 476568 166372 2452 47.1 8.6 570.7
0:31.38 34.4 487576 167068 2448 56.2 7.6 556.7
0:32.20 34.5 492696 167592 2448 53.3 8.3 545.5
0:33.09 34.1 497304 165592 2440 50.0 8.3 534.7
0:34.86 35.3 515992 171660 2412 47.1 7.6 473.7
0:37.50 35.1 534168 170416 1920 46.7 7.8 459.0
0:38.44 35.1 544408 170764 1920 43.8 7.9 440.2
0:39.26 35.1 551064 170600 1920 40.0 8.1 428.7
0:40.09 35.2 555288 171112 1920 50.0 5.4 422.0
0:40.90 35.4 560280 171944 1920 43.8 7.8 407.7
0:41.79 35.3 570392 171796 1920 43.8 8.0 390.7
0:42.68 35.4 580248 172200 1920 53.3 7.5 371.2
0:43.53 35.4 584600 172028 1920 43.8 4.9 366.5
0:44.31 35.5 588184 172604 1920 31.2 4.4 359.2
0:45.11 35.3 595480 171432 1920 46.7 6.0 340.2
0:46.01 35.4 604952 172268 1920 50.0 8.6 325.2
0:46.82 35.4 610072 172000 1920 53.3 6.0 315.7
0:47.62 35.5 614040 172680 1920 46.7 5.2 309.0
0:48.53 35.6 621464 173024 1920 53.3 8.5 287.0
0:49.50 35.4 631960 172020 1920 44.4 7.7 272.0
0:50.32 35.6 638872 173092 1920 46.7 7.8 256.7
0:51.26 35.2 643736 171364 1920 43.8 8.1 247.5
0:52.11 35.2 649752 171332 1920 43.8 8.3 233.0
0:53.04 35.6 660120 172848 1920 50.0 9.4 204.7
0:54.01 35.2 668696 171180 1920 50.0 7.8 198.5
0:54.83 35.2 672792 170964 1920 46.7 6.0 190.0
0:55.67 35.5 678296 172484 1920 43.8 8.1 178.0
0:56.58 35.6 688536 172940 1920 44.4 8.7 156.5
0:57.52 35.3 697880 171824 1920 46.7 8.3 143.7
0:58.40 35.6 702232 173240 1920 53.3 8.5 136.7
0:59.28 35.5 707096 172568 1920 43.8 8.5 125.2
1:00.23 35.8 717720 174024 1920 63.2 8.1 100.2
1:01.18 35.5 728088 172532 1920 53.3 5.8 84.2
1:02.00 35.6 732184 173264 1920 43.8 7.5 77.5
1:02.81 35.4 736024 172096 1920 46.7 8.0 63.2
1:03.94 35.3 748184 171496 1864 46.7 7.5 38.4
1:05.26 35.9 759836 174312 1864 48.0 4.3 20.1
1:06.10 35.2 764188 171332 1864 43.8 5.9 11.3
1:07.07 35.3 772380 171780 1864 50.0 8.0 371.5
130.1 371.9
122.6 371.9
110.3 371.9
92.4 371.9
75.4 371.9
67.7 371.9
59.9 371.9
47.2 371.9
29.2 371.9
14.2 371.9
6.9 371.9
5.6 371.7
5.9 351.6
6.1 339.0
7.1 333.5
5.7 325.8
5.4 312.3
5.4 296.5
5.6 286.7
6.0 278.5
7.7 269.9
5.4 256.5
6.0 240.8
6.4 227.7
5.6 221.8
6.0 212.0
5.1 196.7
6.9 178.2
6.2 169.1
6.1 161.8
6.5 145.5
6.1 131.3
6.0 114.6
5.2 107.3
5.9 100.6
5.6 86.0
6.0 68.3
5.6 59.9
4.3 52.7
5.6 41.9
5.1 25.4
6.1 11.6
6.0 3.9
6.0 0.0
325.3 743.4
325.3 743.4
325.4 743.4
325.3 743.4
325.3 743.4
325.3 743.4
325.3 743.4
325.3 743.4
325.2 743.4
325.1 743.4
325.1 743.4
325.2 743.4
325.1 743.4
325.1 743.4
325.1 743.4
325.1 743.4
325.1 743.4
325.1 743.4
324.9 743.4
323.3 743.4
323.3 743.4
323.3 743.4
323.3 743.4
321.5 743.5
321.5 743.5
321.5 743.5
321.5 743.5
321.5 743.5
321.5 743.5
321.5 743.5
321.5 743.5
321.5 743.5
321.4 743.5
321.5 743.5
321.5 743.5
321.5 743.5
321.5 743.5
321.5 743.5
321.4 743.5
321.5 743.5
321.5 743.5
321.5 743.5
321.5 743.5
321.5 743.5
321.6 743.5
321.5 743.5
321.5 743.5
321.5 743.5
321.5 743.5
321.7 743.5
320.5 743.5
320.4 743.5
320.8 743.5
320.8 743.5
320.8 743.5
320.4 743.5
320.4 743.5
320.4 743.5
320.4 743.5
320.7 743.5
320.5 743.5
320.4 743.5
320.8 743.5
320.4 743.5
320.8 743.5
320.3 743.5
320.4 743.5
320.4 743.5
320.7 743.5
320.8 743.5
320.4 743.5
320.4 743.5
320.8 743.5
320.8 743.5
320.2 743.5
320.2 743.5
320.6 743.5
320.4 743.5
320.4 743.5
320.7 743.5
320.4 743.5
320.2 743.5
320.4 743.5
320.7 743.5
320.6 743.5
320.7 743.5
320.8 743.5
320.8 743.5
320.7 743.5
320.7 743.5
320.7 743.5
320.7 743.5
320.8 743.5
320.2 743.5
320.4 743.5
320.4 743.5
320.4 743.5
320.2 743.5
320.2 743.5
320.2 743.5
320.2 743.5
320.2 743.5
320.2 743.5
320.2 743.5
320.2 743.5
320.3 743.5
320.7 743.5
320.3 743.5
320.6 743.5
320.4 743.5
320.4 743.5
320.6 743.5
320.6 743.5
320.4 743.5
320.4 743.5
320.6 743.5
320.3 743.5
320.9 743.5
320.3 743.5
320.6 743.5
320.6 743.5
320.7 743.5
320.4 743.5
320.3 743.5
320.3 743.5
320.6 743.5
320.5 743.5
320.7 743.5
320.6 743.5
320.7 743.5
320.4 743.5
320.2 743.5
320.2 743.5
320.2 743.5
320.2 743.5
320.2 743.5
320.2 743.5
320.2 743.5
320.2 743.5
320.2 743.6
319.8 744.0
319.8 744.0
319.4 744.0
312.2 744.0
311.5 744.0
311.4 744.0
311.2 744.0
311.4 744.0
311.5 744.0
310.8 744.0
310.8 744.0
310.9 744.0
311.3 744.0
311.5 744.0
311.3 744.0
310.9 744.0
310.9 744.0
311.4 744.0
311.6 744.0
311.4 744.0
310.9 744.0
310.8 744.0
310.8 744.0
311.5 744.0
311.4 744.0
311.2 744.0
311.4 744.0
311.2 744.0
311.3 744.0
310.8 744.0
310.8 744.0
310.8 744.0
310.8 744.0
310.9 744.0
310.9 744.0
313.3 744.0
312.8 744.0
312.8 744.0
312.8 744.0
311.9 744.0
312.1 744.0
312.1 744.0
312.1 744.0
312.1 744.0
312.5 744.0
311.9 744.0
311.9 744.0
311.9 744.0
311.9 744.0
311.9 744.0
311.9 744.0
311.9 744.0
311.9 744.0
311.9 744.0
311.9 744.0
312.4 744.0
312.1 744.0
312.1 744.0
312.0 744.0
312.4 744.0
312.1 744.0
311.9 744.0
312.0 744.0
312.3 744.0
312.4 744.0
312.1 744.2
311.6 744.2
311.8 744.2
309.5 744.2
309.5 744.2
309.4 744.2
309.4 744.2
309.5 744.2
309.8 744.2
309.6 744.2
309.5 744.2
309.9 744.2
301.0 744.3
298.5 744.7
296.9 744.9
297.3 744.9
296.7 744.9
296.8 744.9
297.1 744.9
297.1 744.9
296.7 744.9
296.7 744.9
297.1 744.9
297.1 744.9
296.8 744.9
297.4 744.9
298.8 744.9
298.8 744.9
297.1 744.9
296.8 744.9
296.8 744.9
297.1 744.9
296.7 744.9
296.6 744.9
296.6 744.9
296.6 744.9
296.7 744.9
296.6 744.9
296.6 744.9
297.1 744.9
296.8 744.9
297.0 744.9
297.1 744.9
298.8 744.9
298.7 744.9
298.7 744.9
298.7 744.9
299.1 744.9
298.7 744.9
292.7 744.9
293.2 744.9
293.1 744.9
293.1 744.9
293.1 744.9
292.7 744.9
292.7 744.9
292.6 744.9
292.5 744.9
292.7 744.9
292.6 744.9
292.6 744.9
293.0 744.9
292.6 744.9
292.6 744.9
292.6 744.9
292.6 744.9
292.6 744.9
293.0 744.9
292.3 745.0
291.2 745.0
291.2 745.0
291.3 745.0
291.3 745.0
291.6 745.0
291.3 745.0
291.6 745.0
291.7 745.0
291.6 745.0
291.7 745.0
291.6 745.0
291.7 745.0
291.3 745.0
291.6 745.0
291.3 745.0
291.3 745.0
291.6 745.0
291.6 745.0
291.2 745.0
291.6 745.0
291.2 745.0
291.6 745.0
291.2 745.0
291.6 745.0
291.3 745.0
291.6 745.0
291.6 745.0
291.7 745.0
291.3 745.0
291.6 745.0
291.7 745.0
291.3 745.0
291.6 745.0
291.6 745.0
291.3 745.0
291.3 745.0
291.5 745.0
291.6 745.0
291.9 745.0
291.3 745.0
291.6 745.0
291.3 745.0
291.6 745.0
291.3 745.0
291.6 745.0
291.5 745.0
291.6 745.0
291.2 745.0
291.5 745.0
291.3 745.0
291.6 745.0
291.3 745.0
291.3 745.0
291.6 745.0
291.6 745.0
291.6 745.0
291.6 745.0
291.2 745.0
291.1 745.0
279.0 745.0
278.7 745.0
278.7 745.0
278.6 745.0
281.4 745.0
281.8 745.0
281.8 745.0
281.5 745.0
281.7 745.0
281.4 745.0
281.4 745.0
281.8 745.0
281.4 745.0
281.7 745.0
281.4 745.0
281.4 745.0
281.7 745.0
281.8 745.0
281.4 745.0
281.8 745.0
281.4 745.0
281.8 745.0
281.4 745.0
281.8 745.0
281.7 745.0
281.4 745.0
281.5 745.0
281.3 745.0
281.3 745.0
281.3 745.0
281.3 745.0
281.3 745.0
281.3 745.0
281.3 745.0
281.3 745.0
281.3 745.0
281.3 745.0
281.3 745.0
281.7 745.0
282.8 745.0
281.3 745.0
281.3 745.0
281.3 745.0
281.3 745.0
281.3 745.0
281.2 745.0
281.2 745.0
281.3 745.0
281.3 745.0
281.3 745.0
281.3 745.0
281.4 745.0
281.3 745.0
281.3 745.0
281.3 745.0
281.3 745.0
281.3 745.0
281.3 745.0
281.3 745.0
281.3 745.0
281.3 745.0
281.3 745.0
281.3 745.0
281.3 745.0
281.3 745.0
281.3 745.0
281.3 745.0
281.3 745.0
281.3 745.0
281.3 745.0
281.3 745.0
281.3 745.0
281.3 745.0
281.3 745.0
281.3 745.0
281.1 745.0
281.1 745.0
281.1 745.0
281.1 745.0
281.1 745.0
281.1 745.0
281.1 745.0
281.1 745.0
281.1 745.0
281.1 745.0
281.1 745.0
281.1 745.0
281.1 745.0
281.1 745.0
281.1 745.0
280.8 745.0
281.1 745.0
281.1 745.0
281.1 745.0
281.0 745.0
281.0 745.0
281.0 745.0
281.0 745.0
281.1 745.0
281.0 745.0
281.0 745.0
281.0 745.0
281.0 745.0
281.0 745.0
281.0 745.0
281.0 745.0
281.0 745.0
281.0 745.0
281.0 745.0
281.0 745.0
281.0 745.0
280.9 745.0
280.9 745.0
280.9 745.0
280.9 745.0
281.0 745.0
