TIME MEM VIRT RES SHR CPU FREE SWAP
0:00.20 1.1 224792 5324 2828 53.3 81.9 820.0
0:01.08 3.2 235032 15564 2828 43.8 62.4 820.0
0:01.90 5.1 244376 24908 2828 43.8 44.7 820.0
0:02.72 6.0 248856 29388 2828 40.0 35.9 820.0
0:03.57 6.9 253208 33740 2828 53.3 29.1 820.0
0:04.39 8.6 261400 41932 2828 43.8 10.1 820.0
0:05.29 10.8 271768 52272 2800 43.8 8.1 817.7
0:06.30 12.2 278936 59440 2800 50.0 8.2 817.0
0:07.12 13.1 283032 63536 2800 46.7 10.3 817.0
0:07.95 14.5 290072 70576 2800 53.3 10.0 816.7
0:08.90 16.8 300952 81456 2800 47.1 10.3 816.5
0:09.77 18.3 308632 89136 2800 46.7 8.3 816.0
0:10.59 19.2 312856 93360 2800 43.8 10.9 816.0
0:11.41 20.3 317976 98480 2800 43.8 10.3 815.7
0:12.56 23.0 331160 111660 2796 50.0 10.1 815.0
0:13.38 24.5 338840 119332 2788 53.3 11.0 813.0
0:14.23 25.2 343064 122716 2672 43.8 10.3 811.7
0:15.19 26.3 349080 127696 2672 44.4 14.0 807.2
0:16.42 28.4 363032 137984 2644 47.4 9.2 790.5
0:17.55 28.7 371352 139716 2644 40.0 11.0 779.5
0:18.42 28.8 375832 140124 2644 43.8 7.4 768.7
0:19.32 30.0 384920 145644 2636 43.8 11.1 754.0
0:20.75 30.9 399768 150468 2432 45.5 10.4 717.5
0:21.95 31.0 405912 150596 2424 37.5 7.7 712.0
0:22.74 31.7 412568 154356 2424 53.3 4.4 700.7
0:23.87 32.4 425240 157352 2420 52.0 5.7 669.7
0:24.92 32.2 432664 156760 2404 41.2 8.5 658.5
0:25.76 32.6 437016 158348 2404 46.7 9.1 652.7
0:26.62 33.1 445464 161024 2404 37.5 8.9 637.0
0:27.66 34.0 457368 165160 2388 44.8 5.3 603.7
0:28.67 33.4 463768 162296 2388 43.8 8.8 599.2
0:29.50 33.7 467992 163956 2388 43.8 9.2 593.0
0:30.40 34.3 476696 166744 2388 52.9 9.2 570.7
0:31.39 34.5 487832 167576 2384 43.8 7.1 556.7
0:32.22 34.5 492952 167928 2384 43.8 9.9 545.5
0:33.10 34.1 497560 165924 2376 44.4 7.8 534.7
0:34.88 35.4 516248 171988 2344 47.1 7.5 473.7
0:37.51 35.2 534552 170932 1840 46.7 8.6 459.0
0:38.46 35.2 544792 171340 1840 46.7 7.4 440.2
0:39.28 35.2 551704 171276 1840 43.8 9.2 428.7
0:40.09 35.3 555800 171760 1840 46.7 6.0 422.0
0:40.91 35.5 561048 172796 1840 43.8 7.1 407.7
0:41.81 35.5 571160 172692 1840 53.3 8.5 390.7
0:42.68 35.6 581016 172968 1840 46.7 8.0 371.2
0:43.47 35.6 584984 173096 1840 37.5 4.3 366.5
0:44.26 35.7 588568 173688 1840 43.8 4.3 359.2
0:45.11 35.4 595992 172168 1840 43.8 5.5 340.2
0:46.02 35.5 605464 172832 1840 50.0 8.0 325.2
0:46.81 35.5 610584 172436 1840 44.4 5.0 315.7
0:47.62 35.7 614808 173452 1840 46.7 5.3 309.0
0:48.54 35.7 622232 173568 1840 46.7 8.0 287.0
0:49.51 35.5 632600 172564 1840 50.0 9.3 272.0
0:50.33 35.7 639384 173520 1840 43.8 8.3 256.7
0:51.28 35.3 644120 171568 1840 47.1 8.8 247.5
0:52.13 35.3 650264 171596 1840 50.0 9.0 233.0
0:53.04 35.6 660504 172984 1840 50.0 8.6 204.7
0:54.01 35.2 669080 171328 1840 53.3 8.5 198.5
0:54.83 35.2 673176 171072 1840 50.0 6.6 190.0
0:55.68 35.5 678680 172704 1840 53.3 8.9 178.0
0:56.59 35.6 688920 173192 1840 44.4 8.2 156.5
0:57.53 35.4 698392 172168 1840 43.8 7.7 143.7
0:58.40 35.6 702616 173036 1840 46.7 8.0 136.7
0:59.29 35.5 707736 172768 1840 46.7 7.9 125.2
1:00.17 35.7 717720 173392 1840 31.6 7.6 100.2
1:01.12 35.4 728216 171936 1840 43.8 6.4 84.2
1:01.95 35.5 732184 172528 1840 46.7 8.7 77.5
1:02.75 35.2 736024 171364 1840 40.0 7.4 63.2
1:03.90 35.2 748568 171248 1836 53.3 8.1 38.4
1:05.21 35.8 760220 173972 1836 44.0 5.3 20.1
1:06.06 35.2 764572 171128 1836 53.3 5.3 11.3
1:07.01 35.3 772764 171500 1836 43.8 4.8 371.5
1:09.98 40.6 799132 197472 1440 93.8 131.1 371.9
1:11.51 42.2 806812 205152 1440 93.8 123.7 371.9
1:13.04 44.6 818460 216800 1440 93.8 111.2 371.9
1:14.60 48.3 836636 234976 1440 99.9 93.9 371.9
1:16.14 52.0 854300 252640 1440 99.9 76.5 371.9
1:17.66 53.8 863004 261344 1440 93.8 68.7 371.9
1:19.17 55.4 870812 269148 1440 93.3 60.6 371.9
1:20.70 57.9 883228 281568 1440 93.3 46.6 371.9
1:22.26 61.6 901020 299360 1440 99.9 29.8 371.9
1:23.81 65.0 917532 315872 1440 99.9 14.8 371.9
1:25.34 66.5 924828 323168 1440 99.9 7.7 371.9
1:26.86 68.0 932508 330848 1440 93.3 5.0 371.7
1:28.99 70.3 951836 341892 1440 86.4 6.4 351.6
1:30.83 70.2 971420 341128 1440 93.8 5.6 339.0
1:32.36 69.9 978972 340052 1440 93.3 6.0 333.5
1:33.84 70.2 986012 341412 1440 93.3 5.6 325.8
1:35.35 70.3 998940 341628 1440 87.5 5.9 312.3
1:36.94 70.2 1015964 341464 1440 99.9 6.3 296.5
1:38.43 70.5 1029916 342828 1440 93.3 5.8 286.7
1:39.90 70.7 1036956 343964 1440 86.7 7.6 278.5
1:41.39 70.3 1044380 341776 1440 86.7 7.4 269.9
1:42.92 70.4 1058076 342084 1440 93.8 5.9 256.5
1:44.43 70.9 1073436 344632 1440 93.3 6.6 240.8
1:46.01 70.6 1085084 343112 1440 86.7 6.0 227.7
1:47.48 70.2 1092124 341168 1440 81.2 5.2 221.8
1:49.06 70.4 1101340 342248 1440 87.5 4.4 212.0
1:50.61 70.3 1117340 342012 1440 93.3 5.7 196.7
1:52.21 70.4 1135132 342072 1440 99.9 8.4 178.2
1:53.73 70.1 1144604 340928 1440 86.7 5.6 169.1
1:55.35 69.7 1152668 338948 1440 99.9 6.6 161.8
1:57.00 70.1 1167004 340632 1440 93.8 6.0 145.5
1:58.54 70.4 1184668 342436 1440 86.7 6.2 131.3
2:00.38 70.4 1201820 342320 1440 85.7 5.7 114.6
2:01.89 69.6 1208860 338604 1440 80.0 6.5 107.3
2:03.32 69.8 1215388 339376 1440 73.3 5.3 100.6
2:04.81 70.4 1231260 342056 1440 77.8 5.2 86.0
2:06.30 70.4 1247900 342244 1440 93.3 7.0 68.3
2:07.81 70.3 1259548 341840 1440 86.7 5.7 59.9
2:09.30 70.7 1267228 343956 1440 87.5 5.4 52.5
2:10.77 70.1 1275548 340756 1440 99.9 5.6 41.9
2:12.29 70.4 1292448 342508 1440 94.1 6.0 25.4
2:13.80 70.1 1307296 340676 1440 86.7 6.0 11.6
2:15.28 70.5 1316896 342636 1440 86.7 6.7 3.9
2:16.77 70.4 1324064 342148 1440 81.2 5.2 0.0
326.9 743.4
325.9 743.4
325.9 743.4
325.8 743.4
325.8 743.4
325.5 743.4
325.3 743.4
325.2 743.4
325.2 743.4
325.4 743.4
325.6 743.4
325.6 743.4
325.6 743.4
325.6 743.4
325.6 743.4
325.5 743.4
325.5 743.4
325.1 743.4
325.5 743.4
323.3 743.4
323.4 743.4
323.7 743.4
323.5 743.4
322.0 743.5
321.9 743.5
321.7 743.5
321.6 743.5
321.9 743.5
322.0 743.5
322.0 743.5
322.0 743.5
321.5 743.5
321.5 743.5
321.5 743.5
321.5 743.5
321.6 743.5
321.9 743.5
321.6 743.5
322.0 743.5
321.9 743.5
321.8 743.5
321.8 743.5
322.0 743.5
322.0 743.5
323.0 743.5
321.5 743.5
321.5 743.5
321.5 743.5
321.6 743.5
320.2 743.5
320.3 743.5
320.3 743.5
320.3 743.5
320.2 743.5
320.2 743.5
320.3 743.5
320.2 743.5
320.3 743.5
320.2 743.5
320.3 743.5
320.2 743.5
320.3 743.5
320.2 743.5
320.3 743.5
320.3 743.5
320.2 743.5
320.3 743.5
320.3 743.5
320.2 743.5
320.3 743.5
320.2 743.5
320.3 743.5
320.2 743.5
320.3 743.5
320.3 743.5
320.2 743.5
320.2 743.5
320.3 743.5
320.2 743.5
320.3 743.5
320.2 743.5
320.2 743.5
320.3 743.5
320.2 743.5
320.2 743.5
320.2 743.5
320.3 743.5
320.2 743.5
320.2 743.5
320.2 743.5
320.2 743.5
320.2 743.5
320.2 743.5
320.2 743.5
320.2 743.5
320.2 743.5
320.2 743.5
320.3 743.5
320.2 743.5
320.2 743.5
320.2 743.5
320.2 743.5
320.2 743.5
320.2 743.5
320.2 743.5
320.2 743.5
320.2 743.5
320.2 743.5
320.2 743.5
320.2 743.5
320.2 743.5
320.2 743.5
320.2 743.5
320.2 743.5
320.2 743.5
320.2 743.5
320.2 743.5
320.2 743.5
320.2 743.5
320.1 743.5
320.2 743.5
320.2 743.5
320.2 743.5
320.1 743.5
320.2 743.5
320.2 743.5
320.3 743.5
320.2 743.5
320.2 743.5
320.3 743.5
320.3 743.5
320.2 743.5
320.2 743.5
320.2 743.5
320.2 743.5
320.2 743.5
320.3 743.5
320.3 743.5
320.2 743.5
320.1 743.6
319.6 744.0
319.3 744.0
319.2 744.0
312.6 744.0
310.8 744.0
310.8 744.0
310.8 744.0
310.8 744.0
310.8 744.0
310.8 744.0
310.8 744.0
310.9 744.0
310.8 744.0
310.8 744.0
310.8 744.0
310.8 744.0
310.8 744.0
310.8 744.0
310.8 744.0
310.8 744.0
310.8 744.0
310.8 744.0
310.8 744.0
310.8 744.0
310.8 744.0
310.8 744.0
310.8 744.0
310.8 744.0
310.8 744.0
310.8 744.0
310.8 744.0
310.8 744.0
310.8 744.0
310.8 744.0
310.8 744.0
312.8 744.0
312.8 744.0
312.8 744.0
312.8 744.0
311.9 744.0
311.9 744.0
311.9 744.0
311.9 744.0
311.9 744.0
311.9 744.0
311.9 744.0
311.9 744.0
311.9 744.0
311.9 744.0
311.9 744.0
311.9 744.0
311.9 744.0
311.9 744.0
311.9 744.0
311.9 744.0
311.9 744.0
311.9 744.0
311.9 744.0
311.9 744.0
311.9 744.0
311.9 744.0
311.9 744.0
311.9 744.0
311.9 744.0
311.9 744.0
311.9 744.2
311.4 744.2
311.4 744.2
309.3 744.2
309.3 744.2
309.3 744.2
309.3 744.2
309.4 744.2
309.4 744.2
309.4 744.2
309.4 744.2
309.4 744.2
301.0 744.3
298.7 744.7
296.9 744.9
296.8 744.9
296.7 744.9
296.7 744.9
296.7 744.9
296.6 744.9
296.6 744.9
296.6 744.9
296.6 744.9
296.6 744.9
296.6 744.9
296.6 744.9
298.7 744.9
298.7 744.9
296.7 744.9
296.6 744.9
296.7 744.9
296.7 744.9
296.6 744.9
296.7 744.9
296.6 744.9
296.6 744.9
296.7 744.9
296.7 744.9
296.7 744.9
296.6 744.9
296.7 744.9
296.6 744.9
296.7 744.9
298.7 744.9
298.7 744.9
298.7 744.9
298.7 744.9
298.6 744.9
298.4 744.9
292.6 744.9
292.6 744.9
292.6 744.9
292.6 744.9
292.6 744.9
292.6 744.9
292.6 744.9
292.6 744.9
292.4 744.9
292.6 744.9
292.6 744.9
292.5 744.9
292.5 744.9
292.5 744.9
292.5 744.9
292.5 744.9
292.5 744.9
292.5 744.9
292.4 744.9
291.2 745.0
291.2 745.0
291.2 745.0
291.2 745.0
291.2 745.0
291.2 745.0
291.2 745.0
291.2 745.0
291.2 745.0
291.2 745.0
291.2 745.0
291.2 745.0
291.2 745.0
291.2 745.0
291.2 745.0
291.2 745.0
291.2 745.0
290.9 745.0
291.1 745.0
291.1 745.0
291.1 745.0
291.1 745.0
291.1 745.0
291.2 745.0
291.2 745.0
291.2 745.0
291.2 745.0
291.2 745.0
291.2 745.0
291.2 745.0
291.2 745.0
291.2 745.0
291.2 745.0
291.2 745.0
291.2 745.0
291.2 745.0
291.1 745.0
291.1 745.0
291.1 745.0
291.1 745.0
291.2 745.0
291.1 745.0
291.1 745.0
291.2 745.0
291.1 745.0
291.2 745.0
291.2 745.0
291.1 745.0
291.1 745.0
291.1 745.0
291.1 745.0
291.1 745.0
291.1 745.0
291.1 745.0
291.1 745.0
291.1 745.0
291.1 745.0
291.1 745.0
290.8 745.0
290.7 745.0
278.5 745.0
278.5 745.0
278.5 745.0
278.6 745.0
281.3 745.0
281.3 745.0
281.4 745.0
281.3 745.0
281.3 745.0
281.4 745.0
281.3 745.0
281.3 745.0
281.3 745.0
281.3 745.0
281.3 745.0
281.3 745.0
281.3 745.0
281.3 745.0
281.3 745.0
281.3 745.0
281.3 745.0
281.3 745.0
281.3 745.0
281.3 745.0
281.3 745.0
281.3 745.0
281.3 745.0
281.3 745.0
281.3 745.0
281.3 745.0
281.3 745.0
281.3 745.0
281.3 745.0
281.3 745.0
281.3 745.0
281.3 745.0
281.3 745.0
281.3 745.0
281.3 745.0
281.3 745.0
281.7 745.0
281.7 745.0
281.8 745.0
281.8 745.0
281.4 745.0
281.4 745.0
281.4 745.0
281.4 745.0
281.7 745.0
281.7 745.0
281.8 745.0
281.4 745.0
281.5 745.0
281.7 745.0
281.5 745.0
281.5 745.0
281.4 745.0
281.8 745.0
281.8 745.0
281.8 745.0
281.3 745.0
281.3 745.0
281.3 745.0
281.4 745.0
281.5 745.0
281.8 745.0
281.5 745.0
282.1 745.0
281.8 745.0
281.7 745.0
281.7 745.0
281.7 745.0
281.5 745.0
281.7 745.0
281.8 745.0
281.5 745.0
281.6 745.0
281.2 745.0
281.6 745.0
281.3 745.0
281.5 745.0
281.6 745.0
281.6 745.0
281.3 745.0
281.6 745.0
281.5 745.0
281.2 745.0
281.6 745.0
281.3 745.0
281.2 745.0
281.2 745.0
281.5 745.0
281.5 745.0
281.2 745.0
281.6 745.0
281.5 745.0
281.5 745.0
281.5 745.0
281.0 745.0
281.0 745.0
281.0 745.0
281.0 745.0
281.0 745.0
281.0 745.0
281.0 745.0
281.0 745.0
281.1 745.0
281.0 745.0
281.2 745.0
281.1 745.0
281.0 745.0
281.1 745.0
281.5 745.0
281.4 745.0
281.4 745.0
281.1 745.0
